data = [0.00,0.00;
0.18,0.17;
0.41,0.45;
0.45,0.54;
0.55,0.58;
0.67,0.64;
0.71,0.72;
0.73,0.77;
0.77,0.79;
0.82,0.82;
0.84,0.86;
0.79,0.80;
0.86,0.90;
0.80,0.82;
0.88,0.90;
0.80,0.84;
0.89,0.92;
0.80,0.81;
0.88,0.90;
0.80,0.81;
0.89,0.92;
0.80,0.82;
0.88,0.93;
0.82,0.84;
0.90,0.94;
0.81,0.85;
0.89,0.94;
0.90,0.94;
0.89,0.93;
0.82,0.85;
0.92,0.94;
0.81,0.85;
0.90,0.93;
0.81,0.85;
0.90,0.93;
0.82,0.85;
0.89,0.95;
0.82,0.86;
0.89,0.94;
0.80,0.86;
0.90,0.93;
0.90,0.94;
0.90,0.94;
0.82,0.86;
0.90,0.94;
0.82,0.85;
0.90,0.94;
0.82,0.85;
0.90,0.93;
0.82,0.86;
0.90,0.95;
0.84,0.86;
0.92,0.94;
0.82,0.86;
0.90,0.94;
0.82,0.85;
0.90,0.93;
0.90,0.93;
0.90,0.93;
0.81,0.82;
0.90,0.92;
0.82,0.82;
0.92,0.92;
0.84,0.85;
0.92,0.93;
0.84,0.84;
0.92,0.92;
0.82,0.85;
0.92,0.92;
0.84,0.84;
0.92,0.92;
0.92,0.92;
0.92,0.89;
0.85,0.82;
0.93,0.89;
0.82,0.81;
0.93,0.93;
0.85,0.84;
0.93,0.92;
0.85,0.82;
0.93,0.90;
0.84,0.82;
0.93,0.93;
0.85,0.85;
0.93,0.92;
0.86,0.84;
0.94,0.92;
0.94,0.92;
0.94,0.90;
0.86,0.84;
0.94,0.92;
0.85,0.82;
0.94,0.92;
0.85,0.82;
0.93,0.92;
0.84,0.82;
0.93,0.92;
0.85,0.84;
0.93,0.90;
0.85,0.82;
0.93,0.90;
0.93,0.93;
0.93,0.90;
0.85,0.84;
0.93,0.92;
0.85,0.82;
0.93,0.92;
0.84,0.84;
0.92,0.93;
0.84,0.84;
0.93,0.93;
0.84,0.84;
0.93,0.92;
0.82,0.82;
0.90,0.92;
0.84,0.84;
0.92,0.92;
0.92,0.93;
0.92,0.92;
0.81,0.84;
0.92,0.92;
0.82,0.85;
0.92,0.93;
0.82,0.86;
0.93,0.94;
0.82,0.85;
0.90,0.93;
0.82,0.84;
0.90,0.93;
0.82,0.84;
0.92,0.93;
0.92,0.93;
0.90,0.90;
0.84,0.84;
0.90,0.93;
0.84,0.85;
0.92,0.94;
0.84,0.88;
0.93,0.95;
0.84,0.85;
0.90,0.93]

time = 0:0.02:141*0.02-0.02;

left = data(:,1);
right = data(:,2);