data = [0.00,0.00;
0.40,0.35;
0.54,0.50;
0.53,0.55;
0.57,0.61;
0.67,0.70;
0.76,0.77;
0.82,0.81;
0.88,0.85;
0.92,0.89;
0.94,0.89;
0.97,0.92;
0.99,0.90;
0.97,0.93;
0.98,0.93;
0.98,0.95;
0.98,0.95;
0.90,0.86;
0.98,0.95;
0.89,0.86;
0.98,0.95;
0.90,0.85;
1.01,0.97;
0.93,0.89;
1.02,0.98;
0.94,0.86;
1.02,0.97;
0.93,0.89;
1.03,0.99;
0.93,0.89;
1.03,0.99;
0.94,0.92;
1.02,0.98;
1.04,0.99;
1.04,0.98;
0.94,0.88;
1.04,0.99;
0.95,0.89;
1.04,0.98;
0.95,0.88;
1.04,0.98;
0.95,0.89;
1.03,0.98;
0.94,0.90;
1.03,0.98;
0.94,0.89;
1.06,0.98;
1.06,0.98;
1.04,0.98;
0.94,0.89;
1.04,0.99;
0.95,0.89;
1.06,0.97;
0.95,0.90;
1.03,0.99;
0.94,0.92;
1.04,1.02;
0.95,0.92;
1.04,1.01;
0.95,0.92;
1.04,1.02;
0.95,0.93;
1.04,1.02;
1.06,1.03;
1.04,1.02;
0.95,0.93;
1.03,1.03;
0.94,0.93;
1.02,1.03;
0.94,0.94;
1.02,1.03;
0.93,0.94;
1.02,1.02;
0.93,0.94;
1.02,1.03;
0.94,0.94;
1.04,1.03;
1.03,1.04;
1.03,1.03;
0.93,0.94;
1.02,1.04;
0.93,0.95;
1.04,1.04;
0.95,0.97;
1.04,1.06;
0.94,0.97;
1.03,1.04;
0.95,0.95;
1.04,1.06;
0.95,0.95;
1.04,1.06;
0.94,0.95;
1.03,1.07;
1.02,1.06;
1.06,1.06;
0.97,0.97;
1.04,1.06;
0.95,0.97;
1.07,1.07;
0.95,0.97;
1.08,1.04;
0.98,0.95;
1.07,1.06;
0.97,0.95;
1.06,1.06;
0.95,0.95;
1.07,1.04;
1.06,1.04;
1.06,1.04;
0.97,0.95;
1.07,1.04;
0.97,0.95;
1.10,1.04;
0.99,0.95;
1.08,1.04;
0.97,0.94;
1.08,1.04;
0.98,0.95;
1.08,1.04;
0.98,0.95;
1.07,1.04;
0.97,0.95;
1.07,1.06;
1.08,1.04;
1.07,1.03;
0.98,0.93;
1.10,1.04;
0.97,0.95;
1.06,1.03;
0.98,0.94;
1.06,1.04;
0.97,0.95;
1.08,1.04;
0.98,0.97;
1.06,1.06;
0.98,0.95;
1.07,1.03;
1.07,1.04;
1.08,1.04;
0.99,0.95;
1.07,1.04];


time = 0:0.02:141*0.02-0.02;

left = data(:,1);
right = data(:,2);